dim 21 8 16

putbox 5 7 1 3 0 6 0.93 1.0 1.0 1.0
putbox 5 7 5 7 0 6 0.93 1.0 1.0 1.0

putbox 18 21 2 6 5 12 0.93 1.0 1.0 1.0

putbox 14 16 1 3 0 7 0.93 1.0 1.0 1.0
putbox 14 16 5 7 0 7 0.93 1.0 1.0 1.0

putbox 4 9 0 8 6 14 0.93 1.0 1.0 1.0
putbox 9 18 1 7 7 13 0.93 1.0 1.0 1.0

putbox 3 4 1 3 13 15 0.93 1.0 1.0 1.0
putbox 3 4 5 7 13 15 0.93 1.0 1.0 1.0

putbox 2 4 1 7 7 13 0.93 1.0 1.0 1.0
putbox 2 4 1 7 11 12 0.93 1.0 1.0 1.0

putbox 2 3 3 6 10 11 0.9 0.8 0.7 1.0
putbox 0 2 2 6 7 10 0.9 0.8 0.7 1.0
putbox 0 2 2 6 7 8 0.0 0.0 0.0 0.0
putbox 0 1 3 5 9 10 0.0 0.0 0.0 0.0
putbox 2 3 2 3 10 11 0.0 0.0 0.0 0.0
putbox 2 3 5 6 10 11 0.0 0.0 0.0 0.0

putbox 4 5 0 8 6 14 0.7 0.0 0.0 1.0
